+------------+------------+----------------+------------------+------------+
|    Time    |    din     | first_largest  | second_largest   |    dout    |
+------------+------------+----------------+------------------+------------+
|      35000 |         10 |             10 |                0 |          0 |
|      45000 |         20 |             20 |               10 |         10 |
|      55000 |         15 |             20 |               15 |         15 |
|      65000 |         30 |             30 |               20 |         20 |
|      75000 |         25 |             30 |               25 |         25 |
|      85000 |         25 |              0 |                0 |          0 |
|      95000 |          5 |              5 |                0 |          0 |
|     105000 |         50 |             50 |                5 |          5 |
|     115000 |         40 |             50 |               40 |         40 |
|     125000 |         45 |             50 |               45 |         45 |
+------------+------------+----------------+------------------+------------+
